563
567
566
573
577
575
580
585
581
583
590
587
586
590
588
582
583
578
567
563
556
543
536
529
515
510
508
498
493
498
495
489
494
498
496
500
500
496
499
504
501
502
507
504
501
509
509
502
505
506
500
503
506
498
498
503
495
489
495
495
489
494
493
486
490
492
485
488
491
486
486
490
486
484
490
489
485
490
490
486
490
491
485
488
493
489
489
496
492
490
496
494
487
491
492
489
500
514
516
518
513
504
503
509
508
501
502
500
494
498
498
492
494
496
492
494
498
502
527
560
589
604
580
487
339
214
262
390
484
510
504
507
518
518
520
528
526
524
530
530
523
530
532
528
532
532
524
527
534
530
531
535
531
535
543
539
540
552
555
554
563
562
560
569
574
574
583
585
579
585
587
581
583
584
576
572
570
558
551
550
537
526
523
512
501
501
495
486
488
488
483
488
490
486
491
493
486
489
496
491
491
498
495
497
503
498
496
501
496
491
497
496
490
495
495
490
494
494
486
490
493
487
491
495
487
487
491
485
484
489
485
483
490
487
484
490
489
483
490
492
486
491
491
486
492
494
490
494
496
489
491
499
494
493
503
511
519
523
512
504
506
504
499
502
500
491
492
494
489
493
495
489
491
495
491
508
543
568
599
610
548
425
263
200
315
447
495
496
506
513
513
520
524
521
525
529
524
527
532
527
527
533
529
527
530
527
528
535
532
532
542
545
543
549
552
549
557
562
559
563
569
568
574
584
583
586
592
588
587
590
582
574
575
566
558
557
548
535
531
522
508
504
499
490
493
495
487
487
492
490
492
498
493
492
497
494
494
498
495
491
496
496
492
496
496
490
493
493
487
488
490
484
486
492
486
487
493
490
489
495
493
490
496
491
487
491
489
484
489
490
485
490
491
484
487
491
485
486
488
482
486
492
488
488
496
493
493
499
494
492
496
495
490
496
496
491
495
505
511
523
525
511
508
513
511
513
515
506
498
501
499
498
502
498
494
500
501
497
518
547
572
608
607
531
402
239
213
345
464
499
503
510
511
514
523
522
519
525
526
524
531
529
524
530
531
524
527
528
522
526
530
530
537
542
538
540
547
546
547
552
552
552
560
562
562
572
576
573
580
584
577
582
583
574
573
573
560
555
555
543
534
530
518
512
512
501
493
495
492
488
493
492
489
496
500
493
498
503
501
504
509
505
506
510
503
503
507
501
498
501
496
495
498
494
491
495
493
488
492
493
487
492
494
489
491
493
486
487
493
488
487
494
491
488
495
491
488
493
492
487
493
492
486
489
489
481
485
489
483
487
492
487
490
497
494
495
496
492
492
497
496
495
506
516
519
524
516
508
512
514
507
509
508
501
502
505
500
500
505
500
498
503
499
516
554
583
620
629
558
418
250
214
338
460
503
501
510
520
517
521
526
521
523
530
528
527
531
531
531
535
529
525
531
530
525
529
531
530
537
542
540
546
552
548
553
559
554
556
565
564
567
578
578
579
584
580
577
582
577
567
567
563
550
545
538
526
521
515
503
499
497
488
485
486
480
481
486
483
483
490
489
486
491
493
491
496
495
489
495
497
488
490
492
486
486
491
487
484
485
481
482
486
483
481
486
484
483
488
487
481
485
485
482
487
487
482
487
491
483
485
491
486
487
491
488
488
493
489
485
492
490
488
495
495
491
496
496
492
497
499
494
495
498
494
497
502
496
495
501
505
516
527
520
507
509
507
504
510
505
497
498
499
495
501
503
497
501
505
498
502
526
550
588
639
631
546
398
226
222
366
471
496
502
505
505
514
520
516
522
525
523
525
526
521
524
530
525
526
532
529
527
533
532
531
538
539
536
543
544
544
553
557
555
560
570
570
575
581
579
583
590
588
587
588
583
580
582
572
562
561
552
540
537
528
515
510
503
492
491
493
483
484
488
484
485
489
483
485
493
492
490
495
495
494
496
493
490
497
496
492
495
494
487
490
492
487
490
493
486
488
492
486
487
492
490
489
491
487
485
489
484
480
488
489
484
489
491
486
488
488
485
489
492
486
488
492
487
488
495
490
488
494
493
490
493
492
490
496
498
493
496
498
492
501
515
518
522
519
508
505
509
506
506
508
501
496
500
499
497
501
498
493
498
496
500
533
568
608
646
611
498
325
203
274
414
495
504
502
511
515
516
525
524
520
524
525
522
529
528
522
526
527
524
527
531
526
529
535
531
534
542
541
543
553
553
553
560
559
560
570
571
570
579
583
580
587
588
579
581
583
576
575
573
562
553
551
539
528
527
516
