515
397
254
261
390
500
536
536
539
551
551
552
559
560
558
564
565
561
564
565
561
564
570
569
571
577
575
574
580
580
577
580
583
582
588
593
593
597
604
605
607
616
618
621
629
633
630
636
640
635
633
633
626
621
616
604
592
583
568
551
542
532
519
514
510
500
497
496
490
489
494
491
490
495
495
491
495
497
494
497
499
495
499
504
500
500
506
504
504
508
507
504
506
505
502
505
506
502
504
507
504
503
508
506
501
506
505
503
508
509
506
512
514
511
514
518
513
510
514
510
506
509
510
509
511
511
506
509
514
509
508
513
511
509
515
512
509
514
515
511
513
515
510
513
515
512
514
515
511
510
513
506
504
510
509
512
527
533
532
529
521
514
519
519
513
511
505
497
500
502
497
499
501
498
499
501
506
541
580
606
603
565
472
322
196
260
406
496
514
513
522
527
527
531
534
531
534
537
532
533
538
535
535
539
537
536
542
542
539
544
543
538
543
544
543
549
552
552
559
567
567
573
581
582
591
599
599
604
609
608
608
609
604
596
593
581
568
562
548
531
523
511
495
489
483
473
472
471
466
469
474
470
472
476
474
474
481
478
475
478
475
475
482
482
478
482
481
478
481
483
477
479
478
473
475
478
475
476
479
475
476
479
476
474
479
476
474
479
475
473
480
482
478
483
483
480
483
487
483
486
487
484
486
487
485
488
493
490
491
496
491
487
492
493
492
496
496
492
495
496
493
498
501
498
499
501
499
502
506
502
502
505
499
501
508
510
518
534
535
524
521
517
516
522
518
508
508
508
503
504
506
503
506
510
506
506
520
551
587
626
630
575
471
296
175
271
421
493
509
508
508
519
521
518
523
525
519
523
528
524
526
530
526
529
535
532
532
539
537
535
541
542
542
550
551
551
560
563
564
573
578
578
587
594
594
600
609
609
610
616
613
611
614
607
599
597
585
571
564
551
536
528
518
505
503
500
489
489
490
483
486
492
489
489
494
492
493
497
496
496
501
498
495
499
499
497
503
503
500
504
504
500
505
504
497
497
498
493
494
498
494
493
497
493
492
496
491
490
493
490
486
492
494
492
496
495
490
492
494
490
493
497
491
491
496
492
491
495
493
493
497
495
495
503
499
495
499
502
498
503
504
500
504
506
502
506
509
504
508
513
509
511
518
521
530
544
540
527
526
521
521
527
523
515
516
514
509
514
514
509
513
515
510
512
528
557
598
654
673
602
469
273
183
304
446
508
519
519
523
533
535
530
534
537
532
533
535
531
534
537
535
536
540
536
537
543
539
540
543
539
538
544
544
543
552
554
554
562
566
566
576
581
580
585
592
592
594
596
591
593
595
587
584
581
569
556
549
534
520
513
501
488
484
477
471
473
471
465
469
474
472
474
478
474
476
480
478
481
486
484
483
490
491
489
493
491
488
493
492
488
494
493
488
492
493
487
489
491
484
485
488
483
481
487
483
481
482
476
475
480
479
473
478
477
477
482
480
475
480
480
473
477
480
475
477
482
479
479
485
482
483
488
486
483
487
483
480
485
484
480
485
485
482
485
485
481
485
487
484
489
500
506
513
516
504
500
502
501
500
503
497
491
495
496
494
498
495
489
494
493
491
512
548
573
601
595
533
426
262
207
326
453
494
495
502
508
511
517
518
517
523
524
520
523
524
519
524
527
521
524
529
527
529
532
529
532
537
535
536
541
542
545
551
550
551
556
558
558
562
559
553
557
560
555
555
554
543
536
527
510
500
491
473
458
446
428
415
408
393
379
376
369
362
362
358
353
359
364
363
367
369
368
374
379
377
382
389
388
391
395
394
396
403
403
400
403
401
398
403
402
398
404
405
401
405
411
411
417
422
420
424
428
427
430
435
433
432
435
434
437
445
447
448
453
456
458
467
471
471
478
481
480
486
492
488
491
494
491
491
494
490
491
496
492
492
496
495
494
498
496
494
497
496
490
496
500
498
505
516
522
529
526
514
513
518
515
513
514
505
500
500
494
492
494
491
486
488
487
490
526
561
582
584
544
454
317
183
233
381
481
506
517
533
537
542
552
555
560
572
575
576
584
584
580
584
583
581
589
591
588
594
596
591
592
595
592
594
601
602
606
614
616
620
628
629
628
636
639
642
651
652
644
647
649
642
641
636
621
611
604
589
577
567
553
541
534
523
514
512
505
498
499
496
494
498
495
489
493
495
492
497
498
494
500
505
501
503
508
507
509
513
507
504
507
500
496
499
495
491
496
495
490
491
487
482
483
481
473
472
472
467
471
476
475
477
482
480
480
484
482
478
484
483
479
482
479
474
479
476
470
471
469
461
463
463
458
459
462
459
460
462
458
459
463
459
456
460
459
457
460
460
457
463
467
474
490
492
481
479
479
477
485
487
478
477
479
477
476
478
476
477
483
478
476
488
516
548
587
593
543
447
291
155
227
382
465
486
489
493
502
509
505
508
513
509
507
510
504
502
506
504
503
509
510
509
515
517
514
519
521
520
527
531
532
538
542
542
548
558
560
563
573
576
582
592
593
592
598
598
595
598
595
587
585
577
562
553
541
525
517
511
497
490
487
478
475
478
472
472
477
472
470
477
481
483
489
489
488
495
500
504
515
523
524
531
535
534
541
547
544
547
554
553
555
562
562
563
569
568
566
571
570
568
574
574
571
576
580
578
585
589
583
583
584
578
579
582
576
575
578
572
571
576
573
567
570
566
559
562
559
554
557
558
553
555
557
555
557
561
558
558
560
556
556
558
553
551
556
554
558
573
576
570
564
556
551
557
554
545
543
542
537
542
544
538
540
542
537
538
541
559
599
637
665
645
567
432
253
221
359
487
538
543
544
555
558
555
559
563
560
564
567
561
563
565
561
561
564
561
561
566
562
560
565
565
564
570
570
568
575
577
575
581
587
588
594
600
599
604
613
615
618
623
619
617
620
614
606
604
594
581
574
562
546
539
529
516
512
505
494
493
492
488
489
490
486
486
490
488
487
491
490
489
492
489
486
491
490
487
491
492
489
492
492
486
489
490
485
488
491
489
490
492
487
487
491
488
486
492
491
489
494
494
493
500
500
495
501
504
500
502
504
497
499
501
496
496
496
490
493
497
494
495
499
497
495
501
499
496
500
498
495
500
500
496
500
502
496
498
500
494
495
500
502
513
526
525
518
515
508
502
509
507
502
502
498
493
499
499
496
500
502
498
503
509
534
577
626
661
623
517
336
178
233
388
485
516
516
519
529
530
529
537
539
538
542
544
541
544
548
544
548
551
549
552
555
548
547
552
548
547
553
554
553
561
561
563
570
573
572
581
588
588
596
601
600
606
612
608
610
610
601
595
592
580
569
562
547
533
526
513
501
498
490
483
485
482
476
478
479
475
481
483
478
481
484
483
487
489
484
483
489
488
489
494
491
488
494
494
493
499
497
494
498
499
496
497
498
491
493
495
489
490
493
488
489
492
488
486
490
487
485
489
487
484
488
487
484
489
488
482
484
484
481
488
491
487
489
492
488
487
492
489
490
494
490
488
494
490
487
492
490
488
500
507
511
521
521
506
502
504
501
504
505
497
496
498
496
500
505
499
496
501
500
504
538
574
617
676
654
537
360
191
202
359
475
504
507
513
515
518
523
521
523
528
527
528
533
527
523
527
525
523
529
531
528
532
535
532
537
540
537
542
547
547
552
559
560
566
573
576
580
591
595
596
605
605
603
608
607
600
600
591
580
576
566
549
542
533
517
508
503
493
488
485
477
472
475
471
467
472
470
468
473
472
471
479
480
475
480
481
476
479
481
476
479
482
478
478
481
476
476
481
476
471
476
474
471
475
473
470
474
475
471
475
476
474
477
477
473
476
481
476
475
479
476
477
482
479
478
482
478
477
483
482
477
479
478
475
481
483
479
482
483
479
481
484
481
483
491
495
504
512
505
497
496
491
490
496
489
483
485
483
480
486
484
481
484
485
482
488
512
540
575
615
611
552
434
255
212
339
454
492
497
497
499
508
509
508
515
516
512
517
519
515
519
521
515
518
520
515
517
522
518
521
527
525
526
532
531
531
540
542
544
555
558
559
568
575
575
585
591
589
594
598
594
594
593
583
576
573
560
548
539
525
512
505
493
485
483
478
471
474
474
471
476
477
472
477
482
479
483
487
483
484
489
487
487
492
488
489
493
492
490
494
494
492
497
495
491
496
498
494
496
499
497
498
500
497
498
502
501
503
507
503
504
508
504
501
506
504
503
508
506
502
505
506
503
508
509
504
505
506
501
503
505
501
503
508
502
500
502
498
495
497
494
493
506
516
519
520
512
503
505
509
505
504
502
492
491
494
490
490
492
487
487
491
488
503
542
568
587
580
523
419
260
198
309
440
488
487
493
501
502
510
512
511
517
521
518
520
524
520
518
524
525
524
531
530
529
535
533
530
536
538
536
542
546
546
555
563
563
571
581
583
587
595
600
606
615
615
614
616
612
605
603
595
579
572
560
541
531
521
505
497
491
482
479
476
468
467
471
467
466
470
468
469
476
474
471
478
479
477
483
485
482
485
486
482
486
488
485
488
489
484
484
488
482
481
486
482
480
485
482
480
484
483
479
483
483
480
485
486
483
485
486
481
484
487
484
485
488
484
483
486
483
484
488
486
482
487
488
485
490
490
488
493
496
492
498
500
495
500
500
493
494
498
494
496
504
510
520
526
515
504
506
504
503
506
501
494
496
494
490
493
493
489
493
494
488
492
518
548
579
597
569
492
368
203
208
355
465
494
499
501
504
513
513
512
519
520
517
521
520
513
517
519
512
515
519
517
519
522
521
522
526
523
522
533
536
536
544
546
547
557
561
562
570
577
580
589
595
594
597
602
599
596
594
586
579
572
559
546
539
524
509
501
489
477
474
469
461
462
461
456
460
462
460
464
468
465
467
470
467
469
476
472
471
478
476
473
477
477
476
478
477
474
479
479
475
479
480
474
477
478
475
477
479
473
472
476
475
476
481
479
477
482
479
477
482
480
476
481
482
478
482
483
477
481
484
480
483
488
486
489
494
492
493
499
496
496
502
499
498
503
504
502
505
504
502
505
506
500
504
507
503
507
517
524
531
531
518
513
516
515
513
514
505
499
501
500
497
501
501
498
503
502
497
514
551
580
614
616
560
456
288
182
280
433
498
506
511
513
516
521
520
521
530
531
527
532
532
529
531
531
527
530
534
529
533
537
533
533
538
538
539
546
545
549
556
558
560
569
571
568
577
583
587
594
599
598
604
606
602
601
599
588
583
578
562
550
543
529
516
511
498
489
489
484
475
476
476
471
475
475
473
478
482
478
482
486
483
486
493
490
490
494
491
491
496
493
491
495
493
489
492
489
486
490
489
483
489
491
486
490
494
491
492
492
486
488
492
488
488
493
490
489
492
491
491
495
495
493
500
501
496
499
499
495
500
503
499
501
503
498
498
504
499
499
501
496
494
498
497
493
499
497
493
498
497
494
498
497
493
497
499
496
506
519
525
529
522
513
515
521
517
516
518
508
504
510
509
506
512
511
510
516
512
511
543
584
623
663
630
521
353
197
243
396
497
514
514
522
522
525
533
533
533
538
537
534
538
538
533
537
539
536
541
542
538
543
545
539
542
550
548
551
557
557
560
568
569
573
583
585
587
597
604
606
615
617
614
619
618
611
609
605
593
586
580
565
554
545
528
517
512
501
493
493
488
483
486
484
482
488
489
485
491
494
491
494
498
495
499
503
499
501
507
504
504
507
503
500
505
503
499
502
499
495
499
496
491
496
498
494
497
497
493
496
498
495
497
501
498
498
502
499
499
505
499
497
502
500
496
501
499
495
501
503
499
502
504
500
504
505
499
500
504
500
501
506
502
502
508
505
505
510
509
505
509
507
503
509
510
508
514
523
529
541
542
528
523
523
520
520
521
513
509
512
510
507
511
507
500
504
504
503
516
547
584
639
684
632
514
328
189
264
418
495
512
512
512
517
523
522
524
529
527
526
531
529
526
530
531
526
528
529
524
528
532
528
531
532
526
526
528
525
527
532
533
534
543
547
552
561
563
564
573
575
571
576
573
565
565
563
550
543
536
521
510
499
483
473
465
450
439
433
424
419
422
418
415
420
418
416
426
429
423
427
432
429
431
434
430
434
439
437
440
449
447
447
453
453
454
461
460
457
465
467
467
470
474
475
479
480
476
479
480
480
482
486
483
485
490
487
489
492
489
491
496
495
492
498
498
495
503
504
501
506
510
510
514
517
513
516
517
509
510
512
506
504
508
503
497
497
492
491
495
490
486
494
501
508
517
511
498
498
499
498
500
496
483
483
488
483
481
483
480
477
479
473
473
498
531
560
595
592
529
418
254
211
331
443
478
486
489
485
490
499
499
500
500
496
498
506
504
505
510
509
508
512
510
508
517
520
518
526
528
524
528
533
534
541
548
546
553
561
561
568
579
582
586
593
594
597
605
606
603
607
604
593
588
577
563
557
545
528
518
511
497
491
491
483
481
481
474
469
470
468
471
478
480
482
491
495
496
507
510
505
511
512
506
509
514
513
517
524
522
525
529
524
523
528
525
522
524
521
520
526
524
520
523
523
522
529
531
529
535
538
537
541
542
537
540
544
540
539
544
541
540
547
545
542
546
544
542
546
544
539
542
542
537
540
541
536
538
